
# 12/15/22
# WLB


# Define the data
Depth <- c(3.5, 5, 6, 8, 10, 12, 13, 14, 15, 17, 20, 22, 25, 30, 35, 42.5)
Density <- c(0.9997, 1.0000, 1.0005, 1.0009, 1.0012, 1.0022, 1.0032, 1.0048, 1.0089, 1.0275, 1.0662, 1.0699, 1.0860, 1.0970, 1.1053, 1.1095)
SpecificGravity <- c(0.9964, 0.9966, 0.9973, 0.9973, 0.9981, 0.9990, 1.0000, 1.0015, 1.0054, 1.0221, 1.0628, 1.0650, 1.0820, 1.0931, 1.1013, 1.1055)
Temp <- c(3, 3.2, 3.2, 3.6, 3.4, 3.3, 3.2, 2.9, 2.7, 2.2, 1.4, 0.6, 0.3, 0.7, 0.2, -0.2)

# Create a dataframe
wlb.dens <- data.frame(Depth = Depth, Density = Density, SpecificGravity = SpecificGravity, Temp = Temp)


# 12/18/22
# ELB 

# Define the data
Depth <- c(4.5, 5, 6, 8, 10, 12, 13, 15, 18, 20, 22, 25, 30, 35, 41)
Density <- c(1.0000, 1.0000, 1.0006, 1.0010, 1.0013, 1.0021, 1.0029, 1.0084, 1.0233, 1.0306, 1.0557, 1.1124, 1.1698, 1.1840, 1.2060)
SpecificGravity <- c(0.9969, 0.9967, 0.9976, 0.9981, 0.9987, 0.9994, 1.0004, 1.0061, 1.0212, 1.0281, 1.0534, 1.1104, 1.1674, 1.1830, 1.2023)
Temp <- c(3.8, 3.2, 4.0, 4.5, 5.5, 5.8, 6.1, 6.1, 6.8, 5.9, 6.3, 7.1, 5.3, 3.7, 1.7)

# Create a dataframe
elb.dens <- data.frame(Depth = Depth, Density = Density, SpecificGravity = SpecificGravity, Temp = Temp)
